11 10
11 10
11 10
10 10
10 11
10 10
10 10
10 10
31 10
31 10
31 10
31 10
31 10
47 10
53 10
53 10
62 9
69 10
69 10
69 10
69 10
69 9
68 10
68 10
68 10
68 10
68 10
8 76
8 75
8 75
8 75
8 75
8 75
8 76
8 75
68 70
68 70
68 70
68 70
68 70
68 42
68 34
69 8
70 14
70 17
70 20
61 32
61 34
50 46
10 73
11 74
11 73
11 73
11 73
12 74
12 74
12 74
11 74
11 73
11 68
11 66
11 64
11 56
11 44
10 11
10 10
10 11
10 10
10 10
10 10
10 11
10 10
10 11
10 11
10 11
10 11
10 11
10 11
10 11
11 11
10 10
10 10
10 10
10 10
10 10
10 10
10 10
11 11
10 10
10 10
10 11
10 10
10 10
10 11
11 11
11 11
11 10
10 10
10 10
10 10
10 10
10 10
10 10
10 10
10 9
10 9
10 10
10 10
10 10
10 10
10 10
10 10
10 10
11 10
10 10
10 10
10 10
10 10
10 10
10 11
10 10
10 10